2 0.6857887874837028 0.24074074074074073 0.01694915254237288 0.04938271604938271
0 0.5840938722294654 0.24382716049382716 0.009126466753585397 0.046296296296296294
0 0.5580182529335072 0.24691358024691357 0.02607561929595828 0.07098765432098765
0 0.530638852672751 0.26851851851851855 0.02216427640156454 0.07716049382716049
2 0.6936114732724902 0.2839506172839506 0.014341590612777053 0.05864197530864197
0 0.30247718383311606 0.32407407407407407 0.01955671447196871 0.05246913580246913
0 0.45241199478487615 0.33641975308641975 0.028683181225554105 0.08641975308641975
2 0.7183833116036505 0.35185185185185186 0.02607561929595828 0.08950617283950617
0 0.15254237288135594 0.404320987654321 0.028683181225554105 0.08950617283950617
0 0.26727509778357234 0.49382716049382713 0.03911342894393742 0.1697530864197531
0 0.03780964797913951 0.49382716049382713 0.01564537157757497 0.06790123456790123
2 0.9009126466753585 0.8179012345679012 0.07561929595827901 0.25