0 0.5475880052151239 0.22530864197530864 0.009126466753585397 0.030864197530864196
2 0.6349413298565841 0.23148148148148148 0.009126466753585397 0.027777777777777776
0 0.5215123859191656 0.23765432098765432 0.010430247718383311 0.033950617283950615
2 0.6531942633637549 0.24691358024691357 0.011734028683181226 0.040123456790123455
0 0.4810951760104302 0.25925925925925924 0.011734028683181226 0.043209876543209874
0 0.379400260756193 0.26851851851851855 0.01303780964797914 0.05555555555555555
2 0.6505867014341591 0.2777777777777778 0.01564537157757497 0.05864197530864197
0 0.42242503259452413 0.3148148148148148 0.02216427640156454 0.08641975308641975
0 0.3272490221642764 0.32098765432098764 0.024771838331160364 0.05246913580246913
2 0.7340286831812256 0.39197530864197533 0.04954367666232073 0.14814814814814814
0 0.34028683181225555 0.4691358024691358 0.041720990873533245 0.14814814814814814
0 0.12646675358539766 0.4876543209876543 0.027379400260756193 0.07716049382716049