2 0.5736636245110821 0.25617283950617287 0.02216427640156454 0.07407407407407407
2 0.49934810951760106 0.25617283950617287 0.018252933507170794 0.05555555555555555
2 0.42503259452411996 0.25925925925925924 0.02346805736636245 0.06172839506172839
2 0.6636245110821382 0.2839506172839506 0.020860495436766623 0.10185185185185185
2 0.35071707953063885 0.28703703703703703 0.01303780964797914 0.04938271604938271
0 0.3728813559322034 0.3148148148148148 0.020860495436766623 0.05864197530864197
0 0.4276401564537158 0.32407407407407407 0.020860495436766623 0.08024691358024691
0 0.28683181225554105 0.3395061728395062 0.01694915254237288 0.05555555555555555
2 0.7327249022164276 0.36728395061728397 0.048239895697522815 0.09567901234567901
0 0.36766623207301175 0.37962962962962965 0.028683181225554105 0.09259259259259259
0 0.15123859191655803 0.6141975308641975 0.05215123859191656 0.15432098765432098
2 0.8813559322033898 0.7623456790123457 0.07040417209908735 0.2808641975308642