2 0.6649282920469362 0.21604938271604937 0.009126466753585397 0.033950617283950615
2 0.6453715775749674 0.23148148148148148 0.01564537157757497 0.046296296296296294
2 0.6245110821382008 0.23765432098765432 0.01303780964797914 0.037037037037037035
2 0.6153846153846154 0.25308641975308643 0.011734028683181226 0.037037037037037035
0 0.3533246414602347 0.28703703703703703 0.01694915254237288 0.033950617283950615
2 0.6284224250325945 0.29012345679012347 0.018252933507170794 0.05246913580246913
0 0.3924380704041721 0.31790123456790126 0.018252933507170794 0.07098765432098765
2 0.23859191655801826 0.3333333333333333 0.014341590612777053 0.043209876543209874
0 0.3011734028683181 0.33641975308641975 0.01955671447196871 0.06172839506172839
2 0.6936114732724902 0.35802469135802467 0.03780964797913951 0.09876543209876543
2 0.11342894393741851 0.44135802469135804 0.020860495436766623 0.06481481481481481
0 0.31681877444589307 0.4506172839506173 0.02998696219035202 0.1111111111111111
0 0.16297262059973924 0.45987654320987653 0.03129074315514994 0.08024691358024691
2 0.9674054758800521 0.7746913580246914 0.0560625814863103 0.25