2 0.49674054758800523 0.2716049382716049 0.02346805736636245 0.06172839506172839
2 0.4002607561929596 0.2839506172839506 0.01955671447196871 0.05864197530864197
2 0.6036505867014341 0.2932098765432099 0.02216427640156454 0.08641975308641975
0 0.3285528031290743 0.3611111111111111 0.024771838331160364 0.08333333333333333
2 0.7470664928292047 0.36419753086419754 0.027379400260756193 0.11728395061728394
0 0.42242503259452413 0.37962962962962965 0.02998696219035202 0.09259259259259259
0 0.2255541069100391 0.38580246913580246 0.02346805736636245 0.06790123456790123
2 0.1395045632333768 0.4012345679012346 0.01564537157757497 0.046296296296296294
0 0.06779661016949153 0.5246913580246914 0.02346805736636245 0.06790123456790123
2 0.9322033898305084 0.5864197530864198 0.03650586701434159 0.20679012345679013
0 0.31290743155149936 0.7623456790123457 0.03780964797913951 0.22839506172839505